Date/Time : 02/05/2022 22:14:22
Угловой размер пикселя = 16.289
Расстояние медлу пятнами = 10.80484 угловых секунд

          0.000000      0.00000
          0.061391      0.00000
          0.122782      0.00000
          0.184173      0.00000
          0.245564      0.00000
          0.306956      3.00000
          0.368347      4.00000
          0.429738      2.00000
          0.491129      2.00000
          0.552520      2.00000
          0.613911      2.00000
          0.675302      2.00000
          0.736693      3.00000
          0.798085      4.00000
          0.859476      3.00000
          0.920867      5.00000
          0.982258      4.00000
          1.043649      3.00000
          1.105040      4.00000
          1.166431      3.00000
          1.227822      2.00000
          1.289214      3.00000
          1.350605      1.00000
          1.411996      2.00000
          1.473387      3.00000
          1.534778      2.00000
          1.596169      3.00000
          1.657560      4.00000
          1.718951      3.00000
          1.780343      4.00000
          1.841734      5.00000
          1.903125      4.00000
          1.964516      4.00000
          2.025907      4.00000
          2.087298      4.00000
          2.148689      3.00000
          2.210080      2.00000
          2.271472      3.00000
          2.332863      2.00000
          2.394254      3.00000
          2.455645      3.00000
          2.517036      3.00000
          2.578427      3.00000
          2.639818      3.00000
          2.701209      4.00000
          2.762601      3.00000
          2.823992      4.00000
          2.885383      2.00000
          2.946774      2.00000
          3.008165      3.00000
          3.069556      3.00000
          3.130947      1.00000
          3.192338      4.00000
          3.253730      4.00000
          3.315121      4.00000
          3.376512      4.00000
          3.437903      3.00000
          3.499294      4.00000
          3.560685      3.00000
          3.622076      4.00000
          3.683467      3.00000
          3.744858      4.00000
          3.806250      2.00000
          3.867641      2.00000
          3.929032      3.00000
          3.990423      2.00000
          4.051814      4.00000
          4.113205      3.00000
          4.174596      3.00000
          4.235987      4.00000
          4.297379      4.00000
          4.358770      1.00000
          4.420161      3.00000
          4.481552      1.00000
          4.542943      2.00000
          4.604334      2.00000
          4.665725      3.00000
          4.727116      2.00000
          4.788508      3.00000
          4.849899      1.00000
          4.911290      3.00000
          4.972681      3.00000
          5.034072      4.00000
          5.095463      3.00000
          5.156854      3.00000
          5.218245      3.00000
          5.279637      2.00000
          5.341028      2.00000
          5.402419      2.00000
          5.463810      2.00000
          5.525201      2.00000
          5.586592      3.00000
          5.647983      2.00000
          5.709374      3.00000
          5.770766      4.00000
          5.832157      4.00000
          5.893548      4.00000
          5.954939      3.00000
          6.016330      3.00000
          6.077721      2.00000
          6.139112      3.00000
          6.200503      2.00000
          6.261895      1.00000
          6.323286      2.00000
          6.384677      2.00000
          6.446068      2.00000
          6.507459      3.00000
          6.568850      2.00000
          6.630241      4.00000
          6.691632      4.00000
          6.753024      3.00000
          6.814415      4.00000
          6.875806      2.00000
          6.937197      2.00000
          6.998588      2.00000
          7.059979      1.00000
          7.121370      2.00000
          7.182761      2.00000
          7.244152      2.00000
          7.305544      3.00000
          7.366935      3.00000
          7.428326      5.00000
          7.489717      2.00000
          7.551108      2.00000
          7.612499      3.00000
          7.673890      3.00000
          7.735281      3.00000
          7.796673      1.00000
          7.858064      2.00000
          7.919455      3.00000
          7.980846      2.00000
          8.042237      2.00000
          8.103628      3.00000
          8.165019      4.00000
          8.226410      4.00000
          8.287802      4.00000
          8.349193      4.00000
          8.410584      3.00000
          8.471975      2.00000
          8.533366      1.00000
          8.594757      1.00000
          8.656148      1.00000
          8.717539      2.00000
          8.778931      2.00000
          8.840322      2.00000
          8.901713      3.00000
          8.963104      3.00000
          9.024495      4.00000
          9.085886      4.00000
          9.147277      3.00000
          9.208668      2.00000
          9.270060      3.00000
          9.331451      2.00000
          9.392842      3.00000
          9.454233      2.00000
          9.515624      3.00000
          9.577015      2.00000
          9.638406      4.00000
          9.699797      5.00000
          9.761189      4.00000
          9.822580      4.00000
          9.883971      4.00000
          9.945362      4.00000
         10.006753      4.00000
         10.068144      4.00000
         10.129535      4.00000
         10.190926      3.00000
         10.252318      2.00000
         10.313709      2.00000
         10.375100      3.00000
         10.436491      3.00000
         10.497882      3.00000
         10.559273      4.00000
         10.620664      2.00000
         10.682055      4.00000
         10.743446      3.00000
         10.804838      3.00000
         10.866229      2.00000
         10.927620      1.00000
         10.989011      2.00000
         11.050402      3.00000
         11.111793      3.00000
         11.173184      2.00000
         11.234575      3.00000
         11.295967      3.00000
         11.357358      3.00000
         11.418749      4.00000
         11.480140      4.00000
         11.541531      4.00000
         11.602922      3.00000
         11.664313      3.00000
         11.725704      2.00000
         11.787096      2.00000
         11.848487      2.00000
         11.909878      1.00000
         11.971269      3.00000
         12.032660      1.00000
         12.094051      2.00000
         12.155442      2.00000
         12.216833      3.00000
         12.278225      3.00000
         12.339616      4.00000
         12.401007      4.00000
         12.462398      3.00000
         12.523789      4.00000
         12.585180      3.00000
         12.646571      4.00000
         12.707962      3.00000
         12.769354      6.00000
         12.830745      7.00000
         12.892136      9.00000
         12.953527      9.00000
         13.014918     10.00000
         13.076309     11.00000
         13.137700     13.00000
         13.199091     14.00000
         13.260483     16.00000
         13.321874     16.00000
         13.383265     17.00000
         13.444656     18.00000
         13.506047     18.00000
         13.567438     20.00000
         13.628829     20.00000
         13.690220     23.00000
         13.751612     25.00000
         13.813003     27.00000
         13.874394     28.00000
         13.935785     26.00000
         13.997176     28.00000
         14.058567     29.00000
         14.119958     31.00000
         14.181349     30.00000
         14.242740     31.00000
         14.304132     33.00000
         14.365523     35.00000
         14.426914     37.00000
         14.488305     38.00000
         14.549696     40.00000
         14.611087     44.00000
         14.672478     46.00000
         14.733869     49.00000
         14.795261     51.00000
         14.856652     53.00000
         14.918043     57.00000
         14.979434     59.00000
         15.040825     64.00000
         15.102216     66.00000
         15.163607     71.00000
         15.224998     76.00000
         15.286390     82.00000
         15.347781     89.00000
         15.409172     95.00000
         15.470563     99.00000
         15.531954    105.00000
         15.593345    107.00000
         15.654736    115.00000
         15.716127    121.00000
         15.777519    123.00000
         15.838910    128.00000
         15.900301    135.00000
         15.961692    140.00000
         16.023083    143.00000
         16.084474    148.00000
         16.145865    152.00000
         16.207256    158.00000
         16.268648    161.00000
         16.330039    164.00000
         16.391430    166.00000
         16.452821    170.00000
         16.514212    175.00000
         16.575603    174.00000
         16.636994    173.00000
         16.698385    178.00000
         16.759777    182.00000
         16.821168    176.00000
         16.882559    180.00000
         16.943950    183.00000
         17.005341    185.00000
         17.066732    193.00000
         17.128123    192.00000
         17.189514    189.00000
         17.250906    198.00000
         17.312297    197.00000
         17.373688    200.00000
         17.435079    200.00000
         17.496470    206.00000
         17.557861    211.00000
         17.619252    214.00000
         17.680643    219.00000
         17.742035    224.00000
         17.803426    226.00000
         17.864817    228.00000
         17.926208    231.00000
         17.987599    235.00000
         18.048990    235.00000
         18.110381    237.00000
         18.171772    245.00000
         18.233163    246.00000
         18.294555    240.00000
         18.355946    241.00000
         18.417337    246.00000
         18.478728    248.00000
         18.540119    247.00000
         18.601510    245.00000
         18.662901    242.00000
         18.724292    243.00000
         18.785684    244.00000
         18.847075    242.00000
         18.908466    244.00000
         18.969857    238.00000
         19.031248    232.00000
         19.092639    231.00000
         19.154030    229.00000
         19.215421    222.00000
         19.276813    217.00000
         19.338204    215.00000
         19.399595    209.00000
         19.460986    208.00000
         19.522377    204.00000
         19.583768    199.00000
         19.645159    192.00000
         19.706550    185.00000
         19.767942    176.00000
         19.829333    169.00000
         19.890724    161.00000
         19.952115    155.00000
         20.013506    150.00000
         20.074897    147.00000
         20.136288    136.00000
         20.197679    131.00000
         20.259071    129.00000
         20.320462    120.00000
         20.381853    115.00000
         20.443244    109.00000
         20.504635    104.00000
         20.566026    102.00000
         20.627417     94.00000
         20.688808     90.00000
         20.750200     89.00000
         20.811591     83.00000
         20.872982     79.00000
         20.934373     76.00000
         20.995764     76.00000
         21.057155     70.00000
         21.118546     69.00000
         21.179937     66.00000
         21.241329     64.00000
         21.302720     61.00000
         21.364111     56.00000
         21.425502     54.00000
         21.486893     51.00000
         21.548284     51.00000
         21.609675     49.00000
         21.671066     50.00000
         21.732457     47.00000
         21.793849     44.00000
         21.855240     46.00000
         21.916631     42.00000
         21.978022     41.00000
         22.039413     42.00000
         22.100804     44.00000
         22.162195     42.00000
         22.223586     39.00000
         22.284978     39.00000
         22.346369     39.00000
         22.407760     40.00000
         22.469151     41.00000
         22.530542     40.00000
         22.591933     42.00000
         22.653324     43.00000
         22.714715     44.00000
         22.776107     45.00000
         22.837498     45.00000
         22.898889     48.00000
         22.960280     48.00000
         23.021671     47.00000
         23.083062     45.00000
         23.144453     47.00000
         23.205844     47.00000
         23.267236     47.00000
         23.328627     49.00000
         23.390018     49.00000
         23.451409     51.00000
         23.512800     48.00000
         23.574191     48.00000
         23.635582     47.00000
         23.696973     47.00000
         23.758365     47.00000
         23.819756     46.00000
         23.881147     47.00000
         23.942538     46.00000
         24.003929     44.00000
         24.065320     43.00000
         24.126711     42.00000
         24.188102     42.00000
         24.249494     43.00000
         24.310885     42.00000
         24.372276     40.00000
         24.433667     40.00000
         24.495058     39.00000
         24.556449     37.00000
         24.617840     35.00000
         24.679231     36.00000
         24.740623     38.00000
         24.802014     37.00000
         24.863405     37.00000
         24.924796     37.00000
         24.986187     35.00000
         25.047578     37.00000
         25.108969     39.00000
         25.170360     40.00000
         25.231751     42.00000
         25.293143     43.00000
         25.354534     45.00000
         25.415925     47.00000
         25.477316     46.00000
         25.538707     46.00000
         25.600098     50.00000
         25.661489     51.00000
         25.722880     54.00000
         25.784272     57.00000
         25.845663     58.00000
         25.907054     63.00000
         25.968445     65.00000
         26.029836     67.00000
         26.091227     69.00000
         26.152618     70.00000
         26.214009     76.00000
         26.275401     76.00000
         26.336792     81.00000
         26.398183     83.00000
         26.459574     86.00000
         26.520965     92.00000
         26.582356     95.00000
         26.643747    101.00000
         26.705138    106.00000
         26.766530    110.00000
         26.827921    115.00000
         26.889312    118.00000
         26.950703    121.00000
         27.012094    124.00000
         27.073485    134.00000
         27.134876    138.00000
         27.196267    147.00000
         27.257659    153.00000
         27.319050    156.00000
         27.380441    163.00000
         27.441832    171.00000
         27.503223    180.00000
         27.564614    183.00000
         27.626005    188.00000
         27.687396    193.00000
         27.748788    197.00000
         27.810179    206.00000
         27.871570    205.00000
         27.932961    206.00000
         27.994352    209.00000
         28.055743    211.00000
         28.117134    206.00000
         28.178525    210.00000
         28.239917    205.00000
         28.301308    203.00000
         28.362699    204.00000
         28.424090    203.00000
         28.485481    202.00000
         28.546872    204.00000
         28.608263    196.00000
         28.669654    192.00000
         28.731045    192.00000
         28.792437    195.00000
         28.853828    196.00000
         28.915219    196.00000
         28.976610    198.00000
         29.038001    199.00000
         29.099392    200.00000
         29.160783    200.00000
         29.222174    201.00000
         29.283566    202.00000
         29.344957    202.00000
         29.406348    202.00000
         29.467739    198.00000
         29.529130    200.00000
         29.590521    198.00000
         29.651912    197.00000
         29.713303    195.00000
         29.774695    193.00000
         29.836086    189.00000
         29.897477    187.00000
         29.958868    184.00000
         30.020259    184.00000
         30.081650    182.00000
         30.143041    182.00000
         30.204432    177.00000
         30.265824    172.00000
         30.327215    168.00000
         30.388606    166.00000
         30.449997    163.00000
         30.511388    162.00000
         30.572779    163.00000
         30.634170    162.00000
         30.695561    157.00000
         30.756953    153.00000
         30.818344    148.00000
         30.879735    143.00000
         30.941126    139.00000
         31.002517    136.00000
         31.063908    130.00000
         31.125299    123.00000
         31.186690    120.00000
         31.248082    114.00000
         31.309473    109.00000
         31.370864    105.00000
         31.432255     97.00000
         31.493646    101.00000
         31.555037     95.00000
         31.616428     89.00000
         31.677819     86.00000
         31.739211     80.00000
         31.800602     76.00000
         31.861993     73.00000
         31.923384     72.00000
         31.984775     66.00000
         32.046166     63.00000
         32.107557     61.00000
         32.168948     57.00000
         32.230339     57.00000
         32.291731     57.00000
         32.353122     55.00000
         32.414513     51.00000
         32.475904     49.00000
         32.537295     44.00000
         32.598686     45.00000
         32.660077     41.00000
         32.721468     41.00000
         32.782860     36.00000
         32.844251     34.00000
         32.905642     33.00000
         32.967033     32.00000
         33.028424     30.00000
         33.089815     28.00000
         33.151206     25.00000
         33.212597     24.00000
         33.273989     21.00000
         33.335380     19.00000
         33.396771     19.00000
         33.458162     16.00000
         33.519553     14.00000
         33.580944     11.00000
         33.642335     11.00000
         33.703726     11.00000
         33.765118     10.00000
         33.826509      9.00000
         33.887900      9.00000
         33.949291      9.00000
         34.010682      6.00000
         34.072073      7.00000
         34.133464      6.00000
         34.194855      5.00000
         34.256247      4.00000
         34.317638      4.00000
         34.379029      1.00000
         34.440420      1.00000
         34.501811      1.00000
         34.563202      0.00000
         34.624593      1.00000
         34.685984      1.00000
         34.747376      1.00000
         34.808767      0.00000
         34.870158      1.00000
         34.931549      1.00000
         34.992940      1.00000
         35.054331      0.00000
         35.115722      0.00000
         35.177113      0.00000
         35.238505      0.00000
         35.299896      0.00000
         35.361287      1.00000
         35.422678      2.00000
         35.484069      3.00000
         35.545460      2.00000
         35.606851      3.00000
         35.668242      3.00000
         35.729633      3.00000
         35.791025      2.00000
         35.852416      2.00000
         35.913807      1.00000
         35.975198      0.00000
         36.036589      1.00000
         36.097980      1.00000
         36.159371      1.00000
         36.220762      3.00000
         36.282154      2.00000
         36.343545      3.00000
         36.404936      3.00000
         36.466327      4.00000
         36.527718      2.00000
         36.589109      2.00000
         36.650500      1.00000
         36.711891      1.00000
         36.773283      3.00000
         36.834674      1.00000
         36.896065      2.00000
         36.957456      2.00000
         37.018847      2.00000
         37.080238      3.00000
         37.141629      3.00000
         37.203020      3.00000
         37.264412      4.00000
         37.325803      2.00000
         37.387194      2.00000
         37.448585      2.00000
         37.509976      0.00000
         37.571367      0.00000
         37.632758      0.00000
         37.694149      0.00000
         37.755541      2.00000
         37.816932      1.00000
         37.878323      1.00000
         37.939714      2.00000
         38.001105      2.00000
         38.062496      3.00000
         38.123887      3.00000
         38.185278      2.00000
         38.246670      1.00000
         38.308061      0.00000
         38.369452      0.00000
         38.430843      0.00000
         38.492234      0.00000
         38.553625      0.00000
         38.615016      1.00000
         38.676407      3.00000
         38.737799      2.00000
         38.799190      2.00000
         38.860581      2.00000
         38.921972      3.00000
         38.983363      2.00000
         39.044754      1.00000
         39.106145      0.00000
         39.167536      0.00000
         39.228927      0.00000
         39.290319      1.00000
         39.351710      0.00000
         39.413101      0.00000
         39.474492      1.00000
         39.535883      2.00000
         39.597274      2.00000
         39.658665      2.00000
         39.720056      1.00000
         39.781448      2.00000
         39.842839      1.00000
         39.904230      0.00000
         39.965621      1.00000
         40.027012      2.00000
         40.088403      0.00000
         40.149794      1.00000
         40.211185      1.00000
         40.272577      2.00000
         40.333968      3.00000
         40.395359      3.00000
         40.456750      2.00000
         40.518141      4.00000
         40.579532      3.00000
         40.640923      2.00000
         40.702314      2.00000
         40.763706      1.00000
         40.825097      1.00000
         40.886488      2.00000
         40.947879      2.00000
         41.009270      3.00000
         41.070661      3.00000
         41.132052      1.00000
         41.193443      3.00000
         41.254835      2.00000
         41.316226      3.00000
         41.377617      1.00000
         41.439008      1.00000
         41.500399      2.00000
         41.561790      2.00000
         41.623181      1.00000
         41.684572      0.00000
         41.745964      1.00000
         41.807355      2.00000
         41.868746      1.00000
         41.930137      1.00000
         41.991528      3.00000
         42.052919      2.00000
         42.114310      2.00000
         42.175701      4.00000
         42.237093      1.00000
         42.298484      2.00000
         42.359875      2.00000
         42.421266      1.00000
         42.482657      0.00000
         42.544048      0.00000
         42.605439      0.00000
         42.666830      2.00000
         42.728221      2.00000
         42.789613      2.00000
         42.851004      3.00000
         42.912395      1.00000
         42.973786      2.00000
         43.035177      2.00000
         43.096568      1.00000
         43.157959      2.00000
         43.219350      1.00000
         43.280742      1.00000
         43.342133      0.00000
         43.403524      2.00000
         43.464915      2.00000
         43.526306      2.00000
         43.587697      2.00000
         43.649088      2.00000
         43.710479      1.00000
         43.771871      2.00000
         43.833262      2.00000
         43.894653      2.00000
         43.956044      1.00000
         44.017435      1.00000
         44.078826      1.00000
         44.140217      1.00000
         44.201608      1.00000
         44.263000      1.00000
         44.324391      2.00000
         44.385782      2.00000
         44.447173      1.00000
         44.508564      2.00000
         44.569955      2.00000
         44.631346      2.00000
         44.692737      2.00000
         44.754129      1.00000
         44.815520      1.00000
         44.876911      1.00000
         44.938302      0.00000
         44.999693      0.00000
         45.061084      1.00000
         45.122475      3.00000
         45.183866      2.00000
         45.245258      4.00000
         45.306649      4.00000
         45.368040      2.00000
         45.429431      3.00000
         45.490822      2.00000
         45.552213      1.00000
         45.613604      2.00000
         45.674995      0.00000
         45.736387      1.00000
         45.797778      0.00000
         45.859169      2.00000
         45.920560      1.00000
         45.981951      2.00000
         46.043342      2.00000
         46.104733      2.00000
         46.166124      2.00000
         46.227516      2.00000
         46.288907      1.00000
         46.350298      1.00000
         46.411689      0.00000
         46.473080      0.00000
         46.534471      0.00000
         46.595862      2.00000
         46.657253      2.00000
         46.718644      2.00000
         46.780036      3.00000
         46.841427      3.00000
         46.902818      3.00000
         46.964209      2.00000
         47.025600      3.00000
         47.086991      2.00000
