   0       0
   1       0
   2       0
   3       0
   4       2
   5       7
   6       8
   7       6
   8       6
   9       6
  10       4
  11       5
  12       5
  13       6
  14       6
  15       6
  16       6
  17       6
  18       7
  19       6
  20       7
  21       6
  22       5
  23       5
  24       5
  25       5
  26       6
  27       7
  28       7
  29       8
  30       8
  31       8
  32       9
  33       8
  34       7
  35       5
  36       7
  37       6
  38       7
  39       6
  40       8
  41       7
  42       8
  43       9
  44       7
  45       7
  46       6
  47       5
  48       5
  49       6
  50       5
  51       5
  52       8
  53       7
  54       7
  55       8
  56       8
  57       7
  58       8
  59       8
  60       7
  61       7
  62       6
  63       6
  64       7
  65       7
  66       7
  67       9
  68       9
  69       8
  70       8
  71       8
  72       8
  73       7
  74       7
  75       8
  76       7
  77       7
  78       7
  79       6
  80       8
  81       8
  82       8
  83       8
  84       9
  85       8
  86       6
  87       6
  88       6
  89       6
  90       5
  91       4
  92       6
  93       6
  94       8
  95       7
  96       8
  97       8
  98       9
  99       9
 100       7
 101       6
 102       6
 103       5
 104       7
 105       7
 106       7
 107       8
 108       8
 109       8
 110       9
 111       7
 112       6
 113       7
 114       6
 115       6
 116       5
 117       6
 118       5
 119       7
 120       9
 121       7
 122       7
 123       9
 124       8
 125       9
 126       8
 127       8
 128       8
 129       8
 130       7
 131       8
 132       9
 133       9
 134      10
 135       9
 136      10
 137      10
 138       9
 139       9
 140       9
 141       7
 142      11
 143       9
 144       9
 145      11
 146       9
 147      11
 148      11
 149      10
 150       9
 151      11
 152      11
 153      10
 154      10
 155      11
 156      10
 157      10
 158      12
 159      12
 160      14
 161      13
 162      14
 163      13
 164      14
 165      12
 166      13
 167      12
 168      12
 169      12
 170      13
 171      13
 172      13
 173      14
 174      14
 175      14
 176      16
 177      15
 178      14
 179      14
 180      14
 181      13
 182      14
 183      13
 184      14
 185      14
 186      14
 187      15
 188      15
 189      14
 190      15
 191      14
 192      14
 193      14
 194      13
 195      14
 196      14
 197      14
 198      14
 199      14
 200      14
 201      15
 202      16
 203      14
 204      14
 205      13
 206      13
 207      12
 208      12
 209      13
 210      12
 211      12
 212      12
 213      12
 214      13
 215      12
 216      10
 217       9
 218      10
 219       7
 220       8
 221       7
 222       7
 223       8
 224       8
 225       6
 226       7
 227       8
 228       8
 229       7
 230       6
 231       5
 232       6
 233       5
 234       5
 235       5
 236       4
 237       6
 238       5
 239       5
 240       5
 241       7
 242       5
 243       6
 244       4
 245       4
 246       4
 247       3
 248       4
 249       4
 250       5
 251       6
 252       7
 253       8
 254       9
 255       7
 256       8
 257       8
 258       8
 259       8
 260       9
 261       8
 262      11
 263      12
 264      13
 265      14
 266      13
 267      15
 268      15
 269      17
 270      17
 271      18
 272      21
 273      20
 274      20
 275      24
 276      23
 277      28
 278      29
 279      31
 280      32
 281      34
 282      36
 283      37
 284      37
 285      39
 286      44
 287      44
 288      46
 289      49
 290      52
 291      54
 292      56
 293      59
 294      61
 295      65
 296      67
 297      66
 298      68
 299      67
 300      69
 301      73
 302      79
 303      78
 304      82
 305      88
 306      89
 307      94
 308      98
 309     102
 310     105
 311     106
 312     111
 313     114
 314     117
 315     122
 316     124
 317     129
 318     132
 319     135
 320     138
 321     141
 322     139
 323     143
 324     140
 325     145
 326     146
 327     144
 328     151
 329     154
 330     157
 331     164
 332     167
 333     170
 334     172
 335     176
 336     178
 337     181
 338     189
 339     192
 340     200
 341     206
 342     210
 343     214
 344     217
 345     223
 346     228
 347     223
 348     226
 349     230
 350     227
 351     229
 352     232
 353     233
 354     233
 355     231
 356     238
 357     234
 358     233
 359     229
 360     229
 361     227
 362     232
 363     232
 364     231
 365     234
 366     236
 367     235
 368     239
 369     242
 370     242
 371     244
 372     249
 373     249
 374     249
 375     255
 376     253
 377     250
 378     246
 379     250
 380     247
 381     243
 382     248
 383     246
 384     250
 385     242
 386     239
 387     242
 388     238
 389     232
 390     229
 391     229
 392     231
 393     229
 394     230
 395     233
 396     233
 397     234
 398     232
 399     228
 400     226
 401     225
 402     221
 403     218
 404     219
 405     217
 406     213
 407     214
 408     212
 409     206
 410     203
 411     201
 412     199
 413     190
 414     185
 415     185
 416     182
 417     182
 418     179
 419     174
 420     172
 421     169
 422     168
 423     165
 424     159
 425     157
 426     153
 427     149
 428     145
 429     143
 430     142
 431     136
 432     134
 433     131
 434     126
 435     127
 436     126
 437     119
 438     117
 439     114
 440     110
 441     109
 442     109
 443     104
 444     100
 445     100
 446      98
 447      95
 448      93
 449      89
 450      88
 451      83
 452      79
 453      75
 454      72
 455      71
 456      68
 457      65
 458      64
 459      61
 460      60
 461      57
 462      54
 463      54
 464      53
 465      50
 466      48
 467      46
 468      44
 469      42
 470      40
 471      39
 472      38
 473      36
 474      33
 475      32
 476      31
 477      31
 478      28
 479      27
 480      22
 481      21
 482      19
 483      18
 484      17
 485      15
 486      16
 487      16
 488      13
 489      11
 490      13
 491      13
 492      11
 493      11
 494       9
 495       8
 496       8
 497       7
 498       8
 499       8
 500       6
 501       8
 502       7
 503       8
 504       6
 505       5
 506       5
 507       4
 508       5
 509       4
 510       4
 511       5
 512       5
 513       6
 514       5
 515       6
 516       6
 517       4
 518       4
 519       6
 520       4
 521       5
 522       5
 523       5
 524       7
 525       4
 526       6
 527       6
 528       6
 529       7
 530       7
 531       6
 532       6
 533       6
 534       5
 535       5
 536       5
 537       6
 538       6
 539       8
 540       7
 541       8
 542       8
 543       8
 544       8
 545       9
 546       7
 547       7
 548       7
 549       6
 550       8
 551       8
 552       8
 553       9
 554       9
 555      10
 556      10
 557       9
 558       9
 559       8
 560       7
 561       7
 562       6
 563       7
 564       6
 565       9
 566       8
 567       9
 568       8
 569       8
 570      10
 571       8
 572       6
 573       7
 574       7
 575       8
 576       8
 577       9
 578       9
 579      10
 580      11
 581      10
 582       9
 583       9
 584       9
 585       7
 586       8
 587       8
 588       6
 589       6
 590       7
 591       6
 592       7
 593       7
 594       9
 595       8
 596       7
 597       6
 598       5
 599       4
 600       6
 601       6
 602       5
 603       4
 604       4
 605       7
 606       8
 607       6
 608       7
 609       8
 610       7
 611       6
 612       4
 613       5
 614       5
 615       5
 616       5
 617       5
 618       5
 619       5
 620       4
 621       6
 622       4
 623       5
 624       5
 625       5
 626       4
 627       4
 628       4
 629       4
 630       4
 631       6
 632       6
 633       6
 634       5
 635       5
 636       4
 637       4
 638       3
 639       4
 640       3
 641       4
 642       4
 643       3
 644       5
 645       6
 646       4
 647       4
 648       4
 649       5
 650       5
 651       5
 652       4
 653       5
 654       6
 655       6
 656       4
 657       7
 658       9
 659       8
 660       8
 661       7
 662       7
 663       7
 664       7
 665       7
 666       6
 667       6
 668       6
 669       6
 670       6
 671       8
 672       7
 673       7
 674       8
 675       6
 676       8
 677       6
 678       5
 679       5
 680       7
 681       6
 682       7
 683       8
 684       8
 685       6
 686       7
 687       7
 688       6
 689       7
 690       5
 691       6
 692       5
 693       5
 694       7
 695       6
 696       6
 697       6
 698       6
 699       6
 700       6
 701       7
 702       6
 703       7
 704       5
 705       6
 706       5
 707       4
 708       5
 709       4
 710       6
 711       7
 712       9
 713       8
 714       6
 715       7
 716       5
 717       6
 718       6
 719       5
 720       6
 721       6
 722       6
 723       7
 724       8
 725       6
 726       6
 727       6
 728       5
 729       7
 730       5
 731       4
 732       4
 733       5
 734       5
 735       6
 736       6
 737       5
 738       6
 739       5
 740       6
 741       5
 742       5
 743       4
 744       4
 745       4
 746       5
 747       4
 748       4
 749       6
 750       8
 751       6
 752       6
 753       6
 754       6
 755       5
 756       4
 757       5
 758       4
 759       5
 760       6
 761       5
 762       5
 763       7
 764       7
 765       7
 766       6
 767       6
